1636476492486 0.001973970885094451 1
1636476492488 0.0013619450313088143 2
1636476492489 0.0011659286040077478 3
1636476492491 0.0010514029724474408 4
1636476492492 0.0009872713524505103 5
1636476492493 0.0008734798451003275 6
1636476492495 0.000783265121036062 7
1636476492496 0.000708449922967702 8
1636476492497 0.0006224966460936947 9
1636476492499 0.000567990474672498 10
1636476492500 0.0005092748937098996 11
1636476492502 0.00046747875412141805 12
1636476492503 0.0004137061815096164 13
1636476492504 0.0003784182312971863 14
1636476492506 0.0003443088989067627 15
1636476492507 0.00030850285302700574 16
1636476492508 0.0002812709663933339 17
1636476492510 0.00026313096474807124 18
1636476492511 0.0002394132270159102 19
1636476492513 0.0002136385599825237 20
1636476492514 0.00020045498355389819 21
1636476492516 0.00018198522785065792 22
1636476492517 0.00016677217928717206 23
1636476492519 0.0001550394326362661 24
1636476492520 0.0001476291148911083 25
1636476492522 0.00013742867993546255 26
1636476492523 0.0001232333138192955 27
1636476492524 0.00011657955665692785 28
1636476492526 0.00011257862666082615 29
1636476492527 0.00010608477092127464 30
1636476492529 0.00010131788516637724 31
1636476492530 9.378662951731761e-05 32
1636476492532 8.606323574081457e-05 33
1636476492533 8.139758229892898e-05 34
1636476492534 7.590764940495749e-05 35
1636476492536 7.5135715872564e-05 36
