1636421237230 0.0010260908348388527 1
1636421237231 0.0007670016150483719 2
1636421237232 0.0005432455205365517 3
1636421237233 0.00041790644780718793 4
1636421237234 0.00033764457801416 5
1636421237235 0.00029018280800491053 6
1636421237236 0.0002510923472100195 7
1636421237237 0.00021679602914038913 8
1636421237239 0.00018452609173667705 9
1636421237240 0.00017836417445418626 10
1636421237241 0.00016943565188101738 11
1636421237242 0.00012813329741939966 12
1636421237243 0.00011813229859887822 13
1636421237244 0.00011548617468219869 14
