1636468145124 0.0010260908322325393 1
1636468145125 0.0007670016046231194 2
1636468145126 0.0005432455153239253 3
1636468145127 0.00041790693062670364 4
1636468145128 0.00033762451874199946 5
1636468145129 0.0002902392720423096 6
1636468145130 0.0002504439588806439 7
1636468145131 0.00021631628472128632 8
1636468145132 0.0001839927431116048 9
1636468145133 0.00017945961431607108 10
1636468145134 0.00017128566036154187 11
1636468145135 0.00012866273166072288 12
1636468145136 0.0001181869757914031 13
1636468145137 0.00011528610843585615 14
