1636340314613 0.002594222946624671 1
1636340314614 0.0013586833568600316 2
1636340314615 0.0007317633024372516 3
1636340314615 0.0005506602146418854 4
1636340314616 0.00043991864159969343 5
1636340314617 0.00036384762608490526 6
1636340314617 0.00029242409246286295 7
1636340314618 0.0002459378606761761 8
1636340314619 0.00020404513357096308 9
1636340314619 0.00016800291736477187 10
1636340314620 0.00014141996576827728 11
1636340314621 0.00012133569197474225 12
1636340314621 0.00010147545323152805 13
1636340314622 8.851381322269196e-05 14
1636340314623 7.57751251859147e-05 15
1636340314624 6.621981654981417e-05 16
1636340314624 6.22429967431041e-05 17
1636340314625 5.080154802445101e-05 18
1636340314626 4.853787686442956e-05 19
1636340314626 4.571434242063247e-05 20
