1636325170069 0.002968260056437239 1
1636325170070 0.0017119809115109475 2
1636325170071 0.0010309227386881648 3
1636325170071 0.0008379260176106504 4
1636325170072 0.0007002787008930586 5
1636325170072 0.0006024147886292715 6
1636325170073 0.000537050656643451 7
1636325170074 0.00047276191732012924 8
1636325170074 0.0004191439304696886 9
1636325170075 0.00037815930524007663 10
1636325170075 0.0003383862831948423 11
1636325170076 0.0003071008617744634 12
1636325170076 0.000270897211617251 13
1636325170077 0.0002443256526021287 14
1636325170078 0.00022515851550882585 15
1636325170078 0.0002026346329856958 16
1636325170079 0.00017973159954540042 17
1636325170080 0.00016523014423192332 18
1636325170080 0.00015058624098616605 19
1636325170081 0.00014097093739301754 20
1636325170081 0.00012662727960177062 21
1636325170082 0.00011817325752130464 22
1636325170083 0.0001049314761123816 23
1636325170083 9.99072841583065e-05 24
