1636421078609 0.0010625872997316853 1
1636421078611 0.000806613808754943 2
1636421078612 0.000590966378057153 3
1636421078613 0.00046769198405542493 4
1636421078614 0.00039401131490099514 5
1636421078616 0.00033638583246006895 6
1636421078617 0.00029611537320306525 7
1636421078618 0.00028552942793753775 8
1636421078619 0.00026796919733734195 9
1636421078620 0.0002420509432856455 10
1636421078621 0.0002196162198227135 11
1636421078622 0.0002154073245309071 12
1636421078624 0.00018401986885895785 13
1636421078625 0.00017113788331400102 14
1636421078626 0.00015774953727255953 15
1636421078627 0.00015428469139724667 16
1636421078628 0.00017112012422181412 17
1636421078630 0.00014617252382953687 18
1636421078631 0.0001225098659138459 19
1636421078632 9.910531808776824e-05 20
1636421078633 8.618033665589426e-05 21
1636421078634 8.676401492592242e-05 22
