1636420634228 0.0010625872997316853 1
1636420634230 0.0008066138070174007 2
1636420634231 0.0005909663745820688 3
1636420634232 0.00046769197471613593 4
1636420634233 0.00039401140395002864 5
1636420634234 0.0003364014421040609 6
1636420634235 0.00029598306013104407 7
1636420634236 0.00028420837330866484 8
1636420634237 0.000267231991339072 9
1636420634239 0.0002416796320556305 10
1636420634240 0.00021942924660779955 11
1636420634241 0.00022021797920035116 12
1636420634242 0.00018608326848410414 13
1636420634243 0.00017170893467542253 14
1636420634244 0.00015886557936136713 15
1636420634245 0.00015688893689735757 16
1636420634246 0.0001735251742013758 17
1636420634247 0.00014310438184192707 18
1636420634249 0.00012107112239907259 19
1636420634250 9.467619620137603e-05 20
1636420634251 8.463748435499827e-05 21
1636420634252 8.592778928021887e-05 22
