1636347210110 0.0016331613712411907 1
1636347210111 0.0012017203650126855 2
1636347210112 0.0007703407928125845 3
1636347210112 0.0005618845392572914 4
1636347210113 0.00046496138453394885 5
1636347210114 0.00038798422680147703 6
1636347210114 0.0003273837806080424 7
1636347210115 0.0002790627019879009 8
1636347210116 0.00024194120418369056 9
1636347210117 0.00020663621225616052 10
1636347210117 0.0001773346524541488 11
1636347210118 0.0001534528107315834 12
1636347210119 0.00013517191386892507 13
1636347210120 0.00011613572098126281 14
1636347210120 0.00010117280596335019 15
1636347210121 8.763842855668849e-05 16
1636347210122 7.815372425414222e-05 17
1636347210122 7.309671543355632e-05 18
1636347210123 6.354966535582207e-05 19
1636347210124 6.223760924296498e-05 20
