1636420817304 0.0010625873032067696 1
1636420817305 0.0008066138104924849 2
1636420817306 0.0005909663715413703 3
1636420817307 0.0004676919794943767 4
1636420817308 0.00039401140134371547 5
1636420817309 0.0003364014477510728 6
1636420817310 0.00029598306252016444 7
1636420817312 0.0002842083678245475 8
1636420817313 0.0002672317180019776 9
1636420817314 0.0002416470978826496 10
1636420817315 0.0002193074260639381 11
1636420817316 0.00022045267466108188 12
1636420817317 0.00018593424704419314 13
1636420817318 0.00017114372028810237 14
1636420817319 0.00015935409356276995 15
1636420817320 0.0001561981417349915 16
1636420817322 0.00017345450510559323 17
1636420817323 0.00014050439109377665 18
1636420817324 0.00012105947196198654 19
1636420817325 9.655339326583535e-05 20
1636420817326 8.486804157411224e-05 21
1636420817327 8.53639411168354e-05 22
