1636342480743 0.0013364779158672763 1
1636342480744 0.0009392162956785233 2
1636342480745 0.0008646075037263689 3
1636342480746 0.0008290948185493194 4
1636342480747 0.0007856764270746636 5
1636342480747 0.0007343082771902638 6
1636342480748 0.0006873613483982073 7
1636342480749 0.0006495510821142011 8
1636342480750 0.000612087370384307 9
1636342480750 0.0005807049788667687 10
1636342480751 0.0005508786167151161 11
1636342480752 0.0005198919153328806 12
1636342480753 0.0004910578122473365 13
1636342480754 0.0004672568313600051 14
1636342480755 0.00044394874462990884 15
1636342480755 0.00041892052034936134 16
1636342480756 0.00039424658947003377 17
1636342480757 0.0003741057894547426 18
1636342480758 0.00036087173586046064 19
1636342480759 0.00034182897901960786 20
1636342480759 0.00032279455557554255 21
1636342480760 0.0003046201780394074 22
1636342480761 0.00029154425525727373 23
1636342480762 0.0002795690739904309 24
1636342480763 0.00026539548984839625 25
1636342480764 0.0002540435532518175 26
1636342480764 0.0002413313729145253 27
1636342480765 0.00023547011438668482 28
1636342480766 0.00022429944684041573 29
1636342480767 0.00021232205298950984 30
1636342480768 0.00020436079302314843 31
1636342480768 0.0001948769121164722 32
1636342480769 0.00018528144712382484 33
1636342480770 0.00017629208949594094 34
1636342480771 0.00017104328227495507 35
1636342480771 0.00016328964557033032 36
1636342480772 0.0001557084552976968 37
1636342480773 0.00014963193513852145 38
1636342480774 0.00014938965891598765 39
1636342480775 0.00014630024019251798 40
