1636421287455 0.0010625873032067698 1
1636421287456 0.0008066136871269947 2
1636421287457 0.0005909665835215087 3
1636421287458 0.00046762454353008827 4
1636421287459 0.0003939013721407461 5
1636421287461 0.0003365719857722966 6
1636421287462 0.00029593982063529225 7
1636421287463 0.000291538480011166 8
1636421287464 0.00027328910529370243 9
1636421287465 0.00025137996502718444 10
1636421287467 0.00022832259964528006 11
1636421287468 0.00019873505407847023 12
1636421287469 0.00017607866218678455 13
1636421287470 0.000153896772468188 14
1636421287471 0.00014282201851501807 15
1636421287472 0.00014012057482744498 16
