1636409451605 0.001256744565796994 1
1636409451606 0.0009280398759680492 2
1636409451607 0.0008699976301397241 3
1636409451608 0.0008414107779528767 4
1636409451609 0.0008127664221406338 5
1636409451610 0.0007854129015911549 6
1636409451611 0.0007409423345788602 7
1636409451612 0.000685800490568259 8
1636409451613 0.0006292668542647289 9
1636409451614 0.0005772563440370418 10
1636409451615 0.0005410969980792807 11
1636409451616 0.0005077911454940302 12
1636409451617 0.000474178244725668 13
1636409451618 0.0004447590687223488 14
1636409451619 0.00041700398599329807 15
1636409451620 0.00039297839282967503 16
1636409451621 0.0003671175523084544 17
1636409451622 0.00034744228884976886 18
1636409451623 0.00032832318018855797 19
1636409451624 0.0003103877284697124 20
1636409451625 0.00029283616874766134 21
1636409451626 0.0002778431496283571 22
1636409451627 0.00026072588627271 23
1636409451628 0.00024768290001832483 24
1636409451629 0.00023512050462332334 25
1636409451630 0.00022388380117869622 26
1636409451631 0.00021333663815832033 27
1636409451632 0.00020488813225667747 28
1636409451633 0.0001947126847447916 29
1636409451634 0.00018492491965714313 30
1636409451635 0.00017627393563521935 31
1636409451636 0.00016747948358811083 32
1636409451637 0.00015663520233439546 33
1636409451638 0.00014903825718820803 34
1636409451639 0.00014157378055166365 35
1636409451640 0.00013721339443388086 36
1636409451641 0.00013057977256331857 37
1636409451642 0.00012232426940629788 38
1636409451644 0.00011523192716551767 39
1636409451645 0.00011208790376605022 40
1636409451646 0.00010995350922236131 41
1636409451647 0.0001105901846174328 42
