1636420712245 0.0015466796189073971 1
1636420712247 0.0009467471625530786 2
1636420712248 0.0009169382783375792 3
1636420712249 0.0009065334452316164 4
1636420712250 0.0008887128379724143 5
1636420712251 0.0008671097770166487 6
1636420712252 0.000844226089313126 7
1636420712253 0.000819451285095246 8
1636420712254 0.000781306186378169 9
1636420712255 0.0007405210796347471 10
1636420712256 0.0006996534930701963 11
1636420712257 0.0006639244292911366 12
1636420712258 0.0006370449277099722 13
1636420712260 0.0006121944696051694 14
1636420712261 0.0005864125455785267 15
1636420712262 0.0005633360219757947 16
1636420712263 0.0005459760471226285 17
1636420712264 0.0005251089868538863 18
1636420712265 0.0005124828069290119 19
1636420712266 0.0004964975276162654 20
1636420712267 0.0004798641503065713 21
1636420712269 0.000471188751511526 22
1636420712270 0.00045372156466274026 23
1636420712271 0.00044514908244200894 24
1636420712272 0.0004357965450226539 25
1636420712273 0.0004213432316171394 26
1636420712274 0.000414920731668305 27
1636420712275 0.0004010640237647207 28
1636420712276 0.000390142282955835 29
1636420712277 0.00038249631379314004 30
1636420712278 0.00037275911929996326 31
1636420712279 0.0003632058922910313 32
1636420712280 0.0003578823151887019 33
1636420712282 0.00035055188302284294 34
1636420712283 0.00033584266484874896 35
1636420712284 0.0003314953839924159 36
1636420712285 0.0003208197659157816 37
1636420712286 0.00031672424296657345 38
1636420712287 0.00030585973853255804 39
1636420712288 0.00030698593025644833 40
1636420712289 0.0003012659466033106 41
1636420712290 0.00029067654395475994 42
1636420712292 0.0002832923855748958 43
1636420712293 0.0002782145960220839 44
1636420712294 0.0002756706498035077 45
1636420712295 0.00027133716275105804 46
1636420712296 0.00026390050138683945 47
1636420712297 0.000257362521836906 48
1636420712298 0.00025293051576634533 49
1636420712299 0.00025086985021801803 50
1636420712300 0.0002484241787842891 51
1636420712302 0.00024034500095138412 52
1636420712303 0.00023911421206986545 53
1636420712304 0.0002297727127125966 54
1636420712305 0.0002310094535989346 55
1636420712306 0.0002315821844577066 56
