1636433345521 0.0010909779273571248 1
1636433345522 0.0008475456035821076 2
1636433345523 0.0006952907172476511 3
1636433345524 0.0005371785838219493 4
1636433345526 0.0004385100302300345 5
1636433345527 0.00038292104618992205 6
1636433345528 0.0003345401514775064 7
1636433345529 0.0003068179366484618 8
1636433345530 0.00027971313037012996 9
1636433345531 0.00025512469426812185 10
1636433345532 0.00023135303110475032 11
1636433345533 0.00022118272909889378 12
1636433345534 0.00020071707162901814 13
1636433345536 0.00019550048061468418 14
1636433345537 0.00017043651765127278 15
1636433345538 0.00016224116786103357 16
1636433345539 0.00014892260835257557 17
1636433345540 0.00013540845341581255 18
1636433345541 0.00013175164341232428 19
1636433345542 0.00013074280775357178 20
