1636432097771 0.0011034240701180227 1
1636432097773 0.0008630500532992516 2
1636432097774 0.0007895724991260013 3
1636432097775 0.000704790635812861 4
1636432097777 0.0006079833968473016 5
1636432097778 0.0005302599317623554 6
1636432097779 0.0004835696395750699 7
1636432097780 0.00044631034612773775 8
1636432097782 0.0004065329887263073 9
1636432097783 0.00037773420279254823 10
1636432097784 0.0003436592421859308 11
1636432097786 0.00031538475817416927 12
1636432097787 0.00029534478722889086 13
1636432097788 0.00028104735049136746 14
1636432097789 0.00026559163131030045 15
1636432097790 0.00025872674298476174 16
1636432097792 0.00024747706656717806 17
1636432097793 0.00023434194570573204 18
1636432097794 0.0002158073109343089 19
1636432097795 0.00021592697385809764 20
1636432097797 0.0002040296565800377 21
1636432097798 0.00019185480479465503 22
1636432097799 0.0001732998016857674 23
1636432097800 0.00016331294261647995 24
1636432097802 0.0001599561334720121 25
