1636421371729 0.0036562795285135508 1
1636421371730 0.0035631106992655283 2
1636421371731 0.0035630393314606216 3
1636421371733 0.003563024270445552 4
1636421371734 0.0035630018978532567 5
1636421371735 0.0035630071521806183 6
1636421371736 0.003562996330768314 7
1636421371737 0.003562989203370551 8
1636421371739 0.0035629870557684954 9
1636421371740 0.003562983518132746 10
1636421371741 0.0035629913926736186 11
1636421371742 0.0035630023739397975 12
1636421371743 0.0035629949963359698 13
1636421371744 0.003562984359103129 14
1636421371746 0.0035629844181795604 15
1636421371747 0.0035629906490055926 16
1636421371748 0.003562982030796693 17
1636421371749 0.003562987504054362 18
1636421371750 0.003562993720980055 19
1636421371752 0.0035629956948278994 20
1636421371753 0.003563001838776826 21
1636421371754 0.003562995715678406 22
