1636341691748 0.0012358843842299567 1
1636341691749 0.0008576250180513376 2
1636341691750 0.0007000891713514214 3
1636341691751 0.0005994958670011588 4
1636341691751 0.0005219433570302845 5
1636341691752 0.00045655450611818764 6
1636341691753 0.00039928100332396017 7
1636341691753 0.0003483159511926628 8
1636341691754 0.0003060216757668448 9
1636341691755 0.0002711757780551644 10
1636341691756 0.00024162819803071514 11
1636341691756 0.00021607015168272138 12
1636341691757 0.00019030713260040756 13
1636341691758 0.00017182459262022305 14
1636341691759 0.00015460383535052336 15
1636341691759 0.00013769132194630358 16
1636341691760 0.00012255059811563812 17
1636341691761 0.00011340244375224713 18
1636341691762 0.00010938531583330284 19
1636341691762 0.00010814844496226649 20
