1636470379141 0.0010260907297175539 1
1636470379142 0.0007670161469818663 2
1636470379143 0.000543251992446551 3
1636470379145 0.00041777104462510835 4
1636470379146 0.0003377641919338313 5
1636470379147 0.00028990915587255323 6
1636470379148 0.00025067351756959735 7
1636470379149 0.00021748132487335906 8
1636470379150 0.000184966556980047 9
1636470379151 0.00017934144394096064 10
1636470379152 0.0001721291304176105 11
1636470379153 0.00012964589068224767 12
1636470379154 0.00011878254870463197 13
1636470379155 0.00011570197591990748 14
