1636316486035 0.002080506196112505 1
1636316486035 0.001652207438989232 2
1636316486036 0.0009979110105805809 3
1636316486036 0.0007439620565578696 4
1636316486037 0.0006550683174282312 5
1636316486038 0.000574793092839952 6
1636316486038 0.0005147085009541894 7
1636316486039 0.00047600229403802326 8
1636316486040 0.00044762194045775 9
1636316486040 0.0004190216007243309 10
1636316486041 0.0003890736732587573 11
1636316486041 0.0003669242488242509 12
1636316486042 0.00034449302585839867 13
1636316486043 0.00032906863600059986 14
1636316486043 0.0003125275252386928 15
1636316486044 0.00029296923561819967 16
1636316486044 0.0002776739794561374 17
1636316486045 0.0002647728535867785 18
1636316486045 0.0002502676680229515 19
1636316486046 0.00023713055582317923 20
1636316486047 0.00022494587756227705 21
1636316486047 0.00021356847303520354 22
1636316486048 0.00020206351196282494 23
1636316486049 0.0001927287507680289 24
1636316486049 0.0001810252870200202 25
1636316486050 0.0001753810994116412 26
1636316486050 0.0001648964139998757 27
1636316486051 0.0001586650489896004 28
1636316486052 0.00016115577766738297 29
