1636421194831 0.0010260908357076232 1
1636421194832 0.0007670016124420592 2
1636421194834 0.000543245520970937 3
1636421194835 0.0004179069265000412 4
1636421194836 0.00033762436953057017 5
1636421194837 0.0002902372279326056 6
1636421194838 0.00025047981458257377 7
1636421194839 0.00021644930133497026 8
1636421194840 0.00018381129598649874 9
1636421194841 0.00018048734721139511 10
1636421194843 0.00016937463283623526 11
1636421194844 0.0001279656416819077 12
1636421194845 0.00011801872349325948 13
1636421194846 0.00011502878421753795 14
