1636415878947 0.0012150017151032531 1
1636415878948 0.0008959006462689665 2
1636415878949 0.0008194295944468605 3
1636415878950 0.000746929951544319 4
1636415878951 0.0006500491539814643 5
1636415878952 0.0005516762058028863 6
1636415878953 0.00046742586224960786 7
1636415878954 0.00040431368757881924 8
1636415878955 0.00034326790843070264 9
1636415878956 0.00030300890683152134 10
1636415878957 0.0002666051503703265 11
1636415878958 0.0002344822707874257 12
1636415878959 0.0002088127401380223 13
1636415878960 0.00018441325768695345 14
1636415878961 0.00016543907847898527 15
1636415878962 0.00014689206312011393 16
1636415878963 0.00013237666384416765 17
1636415878964 0.00011849135764697123 18
1636415878965 0.00010394805299472951 19
1636415878966 9.488954050799034e-05 20
1636415878967 8.78234443786953e-05 21
1636415878968 8.565227160163754e-05 22
