1636420919981 0.0011023694732740742 1
1636420919983 0.0008606024220266114 2
1636420919984 0.0007172614829475754 3
1636420919985 0.0005660569225785449 4
1636420919986 0.00048439541732572686 5
1636420919987 0.00042655994488385076 6
1636420919988 0.0003695466352362574 7
1636420919989 0.0003362124913490253 8
1636420919990 0.00030517207833055627 9
1636420919991 0.0002898942027479904 10
1636420919992 0.0002631831929607163 11
1636420919993 0.0002607972060987003 12
1636420919995 0.00022983760029988002 13
1636420919996 0.00020123678448509227 14
1636420919997 0.00018966971651595361 15
1636420919998 0.00018251143090093318 16
1636420919999 0.00017421318261767738 17
1636420920000 0.0001663540026482278 18
1636420920002 0.0001533568395630095 19
1636420920003 0.00012814608814564894 20
1636420920004 0.00012088171627225685 21
1636420920005 0.0001151491073258838 22
