1636432838384 0.0010913657354635758 1
1636432838386 0.0008494092721436454 2
1636432838387 0.0007105522837712248 3
1636432838388 0.0005652304302636924 4
1636432838389 0.0004673656041442014 5
1636432838390 0.0004110809334348749 6
1636432838392 0.0003629300896245151 7
1636432838393 0.0003335196626939074 8
1636432838394 0.0003034618838234984 9
1636432838395 0.0002776770658118636 10
1636432838396 0.00025269706666629425 11
1636432838397 0.00024319236030378167 12
1636432838398 0.00023232033806800867 13
1636432838399 0.00021530514684637807 14
1636432838400 0.00020626344496068032 15
1636432838402 0.00020028093042210048 16
1636432838403 0.00018988321298549172 17
1636432838404 0.00017417209368323348 18
1636432838405 0.00016045003288656592 19
1636432838406 0.00014949407525805395 20
1636432838407 0.00014105898646530067 21
1636432838408 0.00013977816348388064 22
