1636432890634 0.001142396650680188 1
1636432890635 0.000893981227262029 2
1636432890636 0.0007604423844352808 3
1636432890637 0.0006257560575005614 4
1636432890639 0.0005386755128439737 5
1636432890640 0.0004853518538997133 6
1636432890641 0.0004398308104901478 7
1636432890642 0.0004057521754163387 8
1636432890643 0.0003726484791337471 9
1636432890644 0.00035328721184954185 10
1636432890645 0.00033560199267752193 11
1636432890646 0.0003209254435531155 12
1636432890648 0.0003054294315576831 13
1636432890649 0.00029466449751765396 14
1636432890650 0.0002845733649351064 15
1636432890651 0.0002828159418613859 16
1636432890652 0.00026948017764527273 17
1636432890653 0.0002610511116078819 18
1636432890654 0.0002484845914947452 19
1636432890655 0.00023562803976550533 20
1636432890657 0.0002295311349018394 21
1636432890658 0.00023167927505330312 22
